1 2 5
2 3 5
3 4 5
4 0 65
5 6 10
6 7 10
7 8 5
8 0 70
9 10 10
10 11 15
11 12 20
12 13 10
13 0 30
14 15 5
15 16 5
16 17 5
17 18 5
18 0 65
19 20 5
20 4 5
4 21 5
21 22 5
22 23 10
23 24 10
24 0 45
25 26 0
26 27 5
27 28 10
28 29 10
29 0 40
30 31 5
31 32 5
32 33 5
33 34 5
34 35 5
35 0 50
36 37 10
38 39 5
39 40 20
40 0 35
41 42 5
42 43 2
43 44 8
44 45 5
45 46 5
46 0 40
47 48 5
48 49 5
49 0 25
20 50 2
50 51 10
51 52 2
52 53 3
53 54 5
54 0 40
55 56 10
56 57 5
57 58 5
58 59 10
59 60 3
60 0 42
61 62 5
62 63 5
63 64 5
64 65 5
65 66 15
66 0 40
67 68 5
68 69 15
69 70 0
70 0 35
71 16 5
12 72 5
72 0 20
73 74 5
74 75 10
75 76 5
76 77 5
77 0 20
